/////////////////////////////////////////
                Level 0
/////////////////////////////////////////
epoch 16 batch 8 repeat 1
Accuracies: [0.8646153846153846, 0.8707692307692307, 0.8827160493827161, 0.8796296296296297, 0.8734567901234568]
Weighted F1-Scores: [0.8629058084772372, 0.8650262895791352, 0.8831792515073358, 0.8761724628112937, 0.870313886871621]
Micro F1-Scores: [0.8646153846153846, 0.8707692307692307, 0.8827160493827161, 0.8796296296296297, 0.8734567901234568]
Macro F1-Scores: [0.8176020408163266, 0.8287413429689853, 0.8461230815377694, 0.8439055725068252, 0.8245989304812835]
Average accuracy: 0.8742374169040836
Average weighted F1-Score: 0.8715195398493245
Average micro F1-Score: 0.8742374169040836
Average macro F1-Score: 0.832194193662238
                 precision    recall  f1-score   support

  none of these      0.800     0.704     0.749       432
design decision      0.897     0.936     0.916      1190

       accuracy                          0.874      1622
      macro avg      0.848     0.820     0.832      1622
   weighted avg      0.871     0.874     0.872      1622


   
epoch 16 batch 8 repeat 3
Accuracies: [0.8646153846153846, 0.8584615384615385, 0.8981481481481481, 0.8888888888888888, 0.8734567901234568, 0.8738461538461538, 0.8830769230769231, 0.8796296296296297, 0.8919753086419753, 0.8734567901234568, 0.8923076923076924, 0.8953846153846153, 0.8703703703703703, 0.8796296296296297, 0.8796296296296297]
Weighted F1-Scores: [0.8622886139280089, 0.8535219552232, 0.8987453598232041, 0.8854497354497355, 0.869664557535714, 0.869979524688362, 0.8818991265145111, 0.8784772406901843, 0.8896869885267262, 0.872341129739141, 0.892546306739855, 0.8949789491283267, 0.8625879043600563, 0.8747021875676846, 0.8763776594579198]
Micro F1-Scores: [0.8646153846153846, 0.8584615384615384, 0.8981481481481481, 0.8888888888888888, 0.8734567901234568, 0.8738461538461538, 0.8830769230769231, 0.8796296296296297, 0.8919753086419753, 0.8734567901234568, 0.8923076923076924, 0.8953846153846153, 0.8703703703703703, 0.8796296296296297, 0.8796296296296297]
Macro F1-Scores: [0.8160440465164147, 0.8153773957715866, 0.8668940704868848, 0.8553571428571429, 0.8229909256865698, 0.8214979437098956, 0.8550061050061051, 0.8439055725068252, 0.8474801952899087, 0.8406563748245708, 0.851743238840013, 0.8635398142659554, 0.8242314647377937, 0.8175438596491228, 0.8534225758929088]
Average accuracy: 0.8801918328584997
Average weighted F1-Score: 0.8775498159581753
Average micro F1-Score: 0.8801918328584997
Average macro F1-Score: 0.8397127150694466
                 precision    recall  f1-score   support

  none of these      0.811     0.717     0.761      1296
design decision      0.901     0.939     0.920      3570

       accuracy                          0.880      4866
      macro avg      0.856     0.828     0.841      4866
   weighted avg      0.877     0.880     0.878      4866
   

New run epoch 16 batch 8 repeat 3 (mit Lowercase und lemma):

Accuracies: [0.8769230769230769, 0.8553846153846154, 0.8888888888888888, 0.8919753086419753, 0.8703703703703703, 0.8892307692307693, 0.8892307692307693, 0.8549382716049383, 0.8950617283950617, 0.8858024691358025, 0.8923076923076924, 0.8738461538461538, 0.8580246913580247, 0.8888888888888888, 0.8734567901234568]
Binary Precision: [0.8976377952755905, 0.8714859437751004, 0.9186991869918699, 0.8924302788844621, 0.9132231404958677, 0.9, 0.8884462151394422, 0.889344262295082, 0.9203187250996016, 0.8983739837398373, 0.9243027888446215, 0.8932806324110671, 0.8599221789883269, 0.9243027888446215, 0.8884120171673819]
Binary Recall: [0.9421487603305785, 0.9353448275862069, 0.9338842975206612, 0.9655172413793104, 0.9132231404958677, 0.9590163934426229, 0.9653679653679653, 0.9156118143459916, 0.9428571428571428, 0.9484978540772532, 0.9354838709677419, 0.9416666666666667, 0.9567099567099567, 0.9317269076305221, 0.9324324324324325]
Binary F1-Scores: [0.9193548387096775, 0.9022869022869022, 0.9262295081967213, 0.927536231884058, 0.9132231404958677, 0.9285714285714285, 0.925311203319502, 0.9022869022869022, 0.9314516129032259, 0.9227557411273486, 0.9298597194388777, 0.9168356997971602, 0.905737704918033, 0.9279999999999999, 0.9098901098901099]
Weighted Precision: [0.8734219977649055, 0.8517830024551649, 0.8873601556528385, 0.8918568917295472, 0.8703703703703703, 0.8865798816568047, 0.8894428108770738, 0.8519277474195509, 0.8929858108577023, 0.8837072167017966, 0.8910105937994384, 0.8703371507719334, 0.857288352874624, 0.8879186450544851, 0.8716490154258395]
Weighted Recall: [0.8769230769230769, 0.8553846153846154, 0.8888888888888888, 0.8919753086419753, 0.8703703703703703, 0.8892307692307693, 0.8892307692307693, 0.8549382716049383, 0.8950617283950617, 0.8858024691358025, 0.8923076923076924, 0.8738461538461538, 0.8580246913580247, 0.8888888888888888, 0.8734567901234568]
Weighted F1-Scores: [0.8736167058747704, 0.8506666338619002, 0.8879553734061931, 0.8878804144504627, 0.8703703703703703, 0.8849194640975462, 0.884935479458301, 0.8529535984625806, 0.893625285585529, 0.8829599097518374, 0.8915616255434966, 0.8702865099139049, 0.8502713266545235, 0.8883603603603603, 0.8713802796704352]
Micro Precision: [0.8769230769230769, 0.8553846153846154, 0.8888888888888888, 0.8919753086419753, 0.8703703703703703, 0.8892307692307693, 0.8892307692307693, 0.8549382716049383, 0.8950617283950617, 0.8858024691358025, 0.8923076923076924, 0.8738461538461538, 0.8580246913580247, 0.8888888888888888, 0.8734567901234568]
Micro Recall: [0.8769230769230769, 0.8553846153846154, 0.8888888888888888, 0.8919753086419753, 0.8703703703703703, 0.8892307692307693, 0.8892307692307693, 0.8549382716049383, 0.8950617283950617, 0.8858024691358025, 0.8923076923076924, 0.8738461538461538, 0.8580246913580247, 0.8888888888888888, 0.8734567901234568]
Micro F1-Scores: [0.8769230769230769, 0.8553846153846154, 0.8888888888888888, 0.8919753086419753, 0.8703703703703703, 0.8892307692307693, 0.8892307692307693, 0.8549382716049383, 0.8950617283950617, 0.8858024691358025, 0.8923076923076924, 0.8738461538461538, 0.8580246913580247, 0.8888888888888888, 0.8734567901234568]
Macro Precision: [0.8298072894847088, 0.8120901967055814, 0.8506147540983606, 0.8577075098814229, 0.8285627897601291, 0.8409980430528375, 0.8555127445168939, 0.8104248882691996, 0.853883701188455, 0.8519104149423725, 0.8490358199843395, 0.8278446014909369, 0.8091188524590165, 0.8423783783783784, 0.8487274383647441]
Macro Recall: [0.8144478741411929, 0.7956294030404152, 0.8449909292481355, 0.8360194902548725, 0.828562789760129, 0.8190143695608176, 0.8337478124712168, 0.8026334933798924, 0.8448462929475588, 0.8368862896759892, 0.8443653121072476, 0.8120098039215686, 0.7848065912582042, 0.8391967871485944, 0.8387652358240594]
Macro F1-Scores: [0.8298072894847088, 0.8120901967055814, 0.8506147540983606, 0.8577075098814229, 0.8285627897601291, 0.8409980430528375, 0.8555127445168939, 0.8104248882691996, 0.853883701188455, 0.8519104149423725, 0.8490358199843395, 0.8278446014909369, 0.8091188524590165, 0.8423783783783784, 0.8487274383647441]
Average accuracy: 0.8789553656220324
Average Binary Precision: 0.8986786625301915
Average Binary Recall: 0.9412992847873947
Average Binary F1-Scores: 0.9192887162550544
Average weighted Precision: 0.8771759762274717
Average weighted Recall: 0.8789553656220324
Average weighted F1-Score: 0.8761162224974808
Average micro Precision: 0.8789553656220324
Average micro Recall: 0.8789553656220324
Average micro F1-Score: 0.8789553656220324
Average macro Precision: 0.837907828171825
Average macro Recall: 0.8250614983159931
Average macro F1-Score: 0.837907828171825
                 precision    recall  f1-score   support

  none of these      0.814     0.708     0.757      1296
design decision      0.899     0.941     0.919      3570

       accuracy                          0.879      4866
      macro avg      0.856     0.824     0.838      4866
   weighted avg      0.876     0.879     0.876      4866
   
New run epoch 16 batch 8 repeat 3 (mit Lowercase und ohne lemma):

Accuracies: [0.8861538461538462, 0.8676923076923077, 0.9104938271604939, 0.8796296296296297, 0.8981481481481481, 0.8523076923076923, 0.8707692307692307, 0.8796296296296297, 0.8950617283950617, 0.8827160493827161, 0.8861538461538462, 0.8923076923076924, 0.8641975308641975, 0.8796296296296297, 0.8827160493827161]
Binary Precision: [0.9083665338645418, 0.8705882352941177, 0.9493670886075949, 0.8906882591093117, 0.9066147859922179, 0.8798449612403101, 0.8987341772151899, 0.9090909090909091, 0.9105058365758755, 0.9045643153526971, 0.9105058365758755, 0.9116465863453815, 0.8725099601593626, 0.9069767441860465, 0.8931623931623932]
Binary Recall: [0.9421487603305785, 0.9568965517241379, 0.9297520661157025, 0.9482758620689655, 0.9628099173553719, 0.930327868852459, 0.922077922077922, 0.9282700421940928, 0.9551020408163265, 0.9356223175965666, 0.9435483870967742, 0.9458333333333333, 0.948051948051948, 0.9397590361445783, 0.9414414414414415]
Binary F1-Scores: [0.9249492900608518, 0.9117043121149897, 0.9394572025052191, 0.918580375782881, 0.9338677354709418, 0.9043824701195219, 0.9102564102564102, 0.918580375782881, 0.9322709163346613, 0.919831223628692, 0.9267326732673267, 0.9284253578732107, 0.908713692946058, 0.923076923076923, 0.9166666666666667]
Weighted Precision: [0.8834523030538967, 0.8667407886231415, 0.9127279226459594, 0.8774753511595615, 0.8962526322129086, 0.846553636112817, 0.8688625298751881, 0.8778332101502831, 0.8922956194671549, 0.880610192421754, 0.8829307885979892, 0.8900175601190187, 0.8619201529751112, 0.8759004776446636, 0.8813232035454258]
Weighted Recall: [0.8861538461538462, 0.8676923076923077, 0.9104938271604939, 0.8796296296296297, 0.8981481481481481, 0.8523076923076923, 0.8707692307692307, 0.8796296296296297, 0.8950617283950617, 0.8827160493827161, 0.8861538461538462, 0.8923076923076924, 0.8641975308641975, 0.8796296296296297, 0.8827160493827161]
Weighted F1-Scores: [0.8839299035094954, 0.8614820248596593, 0.9113507317564914, 0.8761724628112937, 0.894552216538471, 0.8473816998119788, 0.8694674556213018, 0.8784772406901843, 0.8920034389753686, 0.8810096045897976, 0.8836351603330094, 0.8902886923692472, 0.8588341378422866, 0.876856398132994, 0.8805941358024691]
Micro Precision: [0.8861538461538462, 0.8676923076923077, 0.9104938271604939, 0.8796296296296297, 0.8981481481481481, 0.8523076923076923, 0.8707692307692307, 0.8796296296296297, 0.8950617283950617, 0.8827160493827161, 0.8861538461538462, 0.8923076923076924, 0.8641975308641975, 0.8796296296296297, 0.8827160493827161]
Micro Recall: [0.8861538461538462, 0.8676923076923077, 0.9104938271604939, 0.8796296296296297, 0.8981481481481481, 0.8523076923076923, 0.8707692307692307, 0.8796296296296297, 0.8950617283950617, 0.8827160493827161, 0.8861538461538462, 0.8923076923076924, 0.8641975308641975, 0.8796296296296297, 0.8827160493827161]
Micro F1-Scores: [0.8861538461538462, 0.8676923076923077, 0.9104938271604939, 0.8796296296296297, 0.8981481481481481, 0.8523076923076923, 0.8707692307692307, 0.8796296296296297, 0.8950617283950617, 0.8827160493827161, 0.8861538461538462, 0.8923076923076924, 0.8641975308641975, 0.8796296296296297, 0.8827160493827161]
Macro Precision: [0.8446402501259673, 0.8239503155666973, 0.8839297846845622, 0.8439055725068252, 0.8561956127019139, 0.7900290728975987, 0.8397435897435896, 0.8439055725068252, 0.8496971020029471, 0.8507202095154954, 0.8357801297371117, 0.8555170267626924, 0.8218267259911012, 0.8232405891980361, 0.859375]
Macro Recall: [0.8325201632978194, 0.8010289210233592, 0.8917053013505342, 0.8273988005997002, 0.8350634952630518, 0.7738059097348715, 0.8333793865708758, 0.8376982394878509, 0.8319814001549988, 0.8414375324246569, 0.8224235441977378, 0.8435049019607843, 0.8019829632732858, 0.8098795180722892, 0.8481717011128775]
Macro F1-Scores: [0.8446402501259673, 0.8239503155666973, 0.8839297846845622, 0.8439055725068252, 0.8561956127019139, 0.7900290728975987, 0.8397435897435896, 0.8439055725068252, 0.8496971020029471, 0.8507202095154954, 0.8357801297371117, 0.8555170267626924, 0.8218267259911012, 0.8232405891980361, 0.859375]
Average accuracy: 0.8818404558404559
Average Binary Precision: 0.9015444415181217
Average Binary Recall: 0.9419944996800133
Average Binary F1-Scores: 0.9211663750591491
Average weighted Precision: 0.8796597579069914
Average weighted Recall: 0.8818404558404559
Average weighted F1-Score: 0.8790690202429364
Average micro Precision: 0.8818404558404559
Average micro Recall: 0.8818404558404559
Average micro F1-Score: 0.8818404558404559
Average macro Precision: 0.8414971035960909
Average macro Recall: 0.8287987852349796
Average macro F1-Score: 0.8414971035960909
                 precision    recall  f1-score   support

  none of these      0.818     0.716     0.763      1296
design decision      0.901     0.942     0.921      3570

       accuracy                          0.882      4866
      macro avg      0.859     0.829     0.842      4866
   weighted avg      0.879     0.882     0.879      4866







/////////////////////////////////////////
                LEAVES
/////////////////////////////////////////
epoch 16 batch 8 repeat 1
Accuracies: [0.5882352941176471, 0.5378151260504201, 0.5546218487394958, 0.6176470588235294, 0.542016806722689]
Weighted F1-Scores: [0.5668416575264492, 0.5337401755117421, 0.5453977354878164, 0.6142498537333109, 0.5311535091685551]
Micro F1-Scores: [0.5882352941176471, 0.5378151260504201, 0.5546218487394958, 0.6176470588235294, 0.542016806722689]
Macro F1-Scores: [0.46929078069742625, 0.3969012661182918, 0.4402513478525473, 0.5339728819559407, 0.4388122785295523]
Average accuracy: 0.5680672268907563
Average weighted F1-Score: 0.5582765862855747
Average micro F1-Score: 0.5680672268907563
Average macro F1-Score: 0.45584571103075167
                                precision    recall  f1-score   support

                   integration      0.479     0.605     0.535        38
                     data file      0.444     0.471     0.457        17
                     interface      0.812     0.684     0.743        19
                     component      0.748     0.720     0.734       132
                   association      0.545     0.462     0.500        65
                         class      0.611     0.571     0.591        77
                   inheritance      0.615     0.421     0.500        19
           architectural style      0.368     0.269     0.311        26
         architectural pattern      0.500     0.333     0.400        21
        reference architecture      0.000     0.000     0.000         4
                      relation      0.492     0.518     0.504        56
                      function      0.646     0.760     0.698       271
                     algorithm      0.414     0.500     0.453        48
                     messaging      0.361     0.351     0.356        37
                     guideline      0.429     0.375     0.400         8
                   design rule      0.421     0.329     0.369        73
organizational/process-related      0.000     0.000     0.000         9
                          tool      0.000     0.000     0.000         5
                     data base      0.647     0.550     0.595        40
                      platform      0.535     0.528     0.531        72
                user interface      0.469     0.484     0.476        31
                           api      0.340     0.333     0.337        51
          programming language      0.609     0.718     0.659        39
                     framework      0.629     0.688     0.657        32

                      accuracy                          0.568      1190
                     macro avg      0.463     0.445     0.450      1190
                  weighted avg      0.558     0.568     0.560      1190



epoch 16 batch 8 repeat 3
Accuracies: [0.5378151260504201, 0.5672268907563025, 0.5504201680672269, 0.5966386554621849, 0.5462184873949579, 0.5546218487394958, 0.5588235294117647, 0.5630252100840336, 0.5966386554621849, 0.5840336134453782, 0.5294117647058824, 0.6176470588235294, 0.5798319327731093, 0.5798319327731093, 0.5630252100840336]
Weighted F1-Scores: [0.5190481565746164, 0.562340427101275, 0.5417158063744514, 0.5907126094751761, 0.5398952165225548, 0.5461843626825564, 0.5535509748154757, 0.5573628259678158, 0.5954592167091065, 0.5706152249981878, 0.5230161683443938, 0.6117828658725002, 0.5550367846962497, 0.5766054472958373, 0.546993601889364]
Micro F1-Scores: [0.5378151260504201, 0.5672268907563025, 0.5504201680672269, 0.5966386554621849, 0.5462184873949579, 0.5546218487394958, 0.5588235294117647, 0.5630252100840336, 0.5966386554621849, 0.5840336134453782, 0.5294117647058824, 0.6176470588235294, 0.5798319327731093, 0.5798319327731093, 0.5630252100840336]
Macro F1-Scores: [0.4158428348581536, 0.45331128348477906, 0.43041311562779666, 0.45848524664096235, 0.44027554278457265, 0.4084414958647322, 0.5247153619085926, 0.43667365847336237, 0.4905434515901157, 0.4543604573942975, 0.42127462077832895, 0.514327383884664, 0.41042608579536477, 0.4480902931050304, 0.45693981164648945]
Average accuracy: 0.5683473389355741
Average weighted F1-Score: 0.5593546459546375
Average micro F1-Score: 0.5683473389355741
Average macro F1-Score: 0.4509413762558162
                                precision    recall  f1-score   support

                   integration      0.496     0.526     0.511       114
                     data file      0.381     0.314     0.344        51
                     interface      0.844     0.667     0.745        57
                     component      0.716     0.745     0.730       396
                   association      0.591     0.497     0.540       195
                         class      0.558     0.563     0.560       231
                   inheritance      0.650     0.456     0.536        57
           architectural style      0.368     0.269     0.311        78
         architectural pattern      0.511     0.365     0.426        63
        reference architecture      0.400     0.167     0.235        12
                      relation      0.468     0.518     0.492       168
                      function      0.646     0.720     0.681       813
                     algorithm      0.468     0.507     0.487       144
                     messaging      0.388     0.360     0.374       111
                     guideline      0.353     0.250     0.293        24
                   design rule      0.469     0.411     0.438       219
organizational/process-related      0.000     0.000     0.000        27
                          tool      0.000     0.000     0.000        15
                     data base      0.598     0.583     0.591       120
                      platform      0.570     0.528     0.548       216
                user interface      0.473     0.570     0.517        93
                           api      0.339     0.366     0.352       153
          programming language      0.566     0.701     0.626       117
                     framework      0.619     0.677     0.647        96

                      accuracy                          0.568      3570
                     macro avg      0.478     0.448     0.458      3570
                  weighted avg      0.559     0.568     0.561      3570
                  
New run epoch 16 batch 8 repeat 3 (ohne Lowercase und lemma):
Accuracies: [0.5, 0.4789915966386555, 0.47058823529411764, 0.5336134453781513, 0.48739495798319327, 0.47478991596638653, 0.4957983193277311, 0.4789915966386555, 0.5126050420168067, 0.47058823529411764, 0.5168067226890757, 0.5084033613445378, 0.47478991596638653, 0.48739495798319327, 0.5252100840336135]
Weighted F1-Scores: [0.47892980473884095, 0.47249937868788106, 0.4530990785726671, 0.5295448233294551, 0.47979129886127786, 0.4692751112373491, 0.47708539966081387, 0.4658485443619234, 0.512249488232806, 0.46882001675118606, 0.5065114291741771, 0.5043666175536613, 0.4682682584597972, 0.48307698448954184, 0.5045082080202336]
Micro F1-Scores: [0.5, 0.4789915966386555, 0.47058823529411764, 0.5336134453781513, 0.48739495798319327, 0.47478991596638653, 0.4957983193277311, 0.4789915966386555, 0.5126050420168067, 0.47058823529411764, 0.5168067226890757, 0.5084033613445378, 0.47478991596638653, 0.48739495798319327, 0.5252100840336135]
Macro F1-Scores: [0.3750095660928921, 0.3083137396603825, 0.3202751288891416, 0.4202979786120883, 0.38715423080840156, 0.35145511467212726, 0.4064788782855386, 0.360585711644064, 0.3779004788457459, 0.3268296489836594, 0.420166508604275, 0.3738195010320036, 0.3904805236855869, 0.3673621233290992, 0.39489315226946414]
Weighted Precision: [0.47976894129397385, 0.481436342865592, 0.4662001164102004, 0.5371064831011436, 0.5057449903038138, 0.4976804226343639, 0.49583188774230924, 0.49828627342560355, 0.5297373177226843, 0.513384065261345, 0.5147191751251214, 0.5263608313258015, 0.4857196051735167, 0.5170261111437582, 0.5032626780971899]
Micro Precision: [0.5, 0.4789915966386555, 0.47058823529411764, 0.5336134453781513, 0.48739495798319327, 0.47478991596638653, 0.4957983193277311, 0.4789915966386555, 0.5126050420168067, 0.47058823529411764, 0.5168067226890757, 0.5084033613445378, 0.47478991596638653, 0.48739495798319327, 0.5252100840336135]
Macro Precision: [0.3988973432315302, 0.31633850020946797, 0.34217622655122654, 0.4249899173961041, 0.42469342251950953, 0.3930087290961922, 0.43865519742868797, 0.44487099494576066, 0.40540648687200415, 0.37115818697057656, 0.4398427765431944, 0.42836264866142043, 0.4392252444980773, 0.41551816239316236, 0.4176286814116236]
Weighted Recall: [0.5, 0.4789915966386555, 0.47058823529411764, 0.5336134453781513, 0.48739495798319327, 0.47478991596638653, 0.4957983193277311, 0.4789915966386555, 0.5126050420168067, 0.47058823529411764, 0.5168067226890757, 0.5084033613445378, 0.47478991596638653, 0.48739495798319327, 0.5252100840336135]
Micro Recall: [0.5, 0.4789915966386555, 0.47058823529411764, 0.5336134453781513, 0.48739495798319327, 0.47478991596638653, 0.4957983193277311, 0.4789915966386555, 0.5126050420168067, 0.47058823529411764, 0.5168067226890757, 0.5084033613445378, 0.47478991596638653, 0.48739495798319327, 0.5252100840336135]
Macro Recall: [0.3728109308991662, 0.3127916739420535, 0.3362774639516967, 0.440019425019425, 0.39658475700675194, 0.35252418676331726, 0.4104091143661974, 0.3474352050144239, 0.3844267915499533, 0.3444969801141561, 0.4269322792451323, 0.36373794482490135, 0.3759245752905173, 0.36616899791241897, 0.3966841235719954]
Average accuracy: 0.4943977591036415
Average weighted F1-Score: 0.4849249628087741
Average micro F1-Score: 0.4943977591036415
Average macro F1-Score: 0.37206815236096463
Average weighted Precision: 0.5034843494417612
Average micro Precision: 0.4943977591036415
Average macro Precision: 0.4067181679152359
Average weighted Recall: 0.4943977591036415
Average micro Recall: 0.4943977591036415
Average macro Recall: 0.3751482966314737
                                precision    recall  f1-score   support

                   integration      0.437     0.456     0.446       114
                     data file      0.347     0.333     0.340        51
                     interface      0.717     0.579     0.641        57
                     component      0.696     0.705     0.700       396
                   association      0.491     0.400     0.441       195
                         class      0.422     0.481     0.449       231
                   inheritance      0.650     0.456     0.536        57
           architectural style      0.464     0.333     0.388        78
         architectural pattern      0.472     0.270     0.343        63
        reference architecture      1.000     0.167     0.286        12
                      relation      0.451     0.470     0.461       168
                      function      0.600     0.692     0.643       813
                     algorithm      0.462     0.507     0.483       144
                     messaging      0.290     0.261     0.275       111
                     guideline      0.222     0.083     0.121        24
                   design rule      0.365     0.320     0.341       219
organizational/process-related      0.000     0.000     0.000        27
                          tool      0.000     0.000     0.000        15
                     data base      0.382     0.350     0.365       120
                      platform      0.471     0.495     0.483       216
                user interface      0.236     0.226     0.231        93
                           api      0.192     0.229     0.209       153
          programming language      0.483     0.496     0.489       117
                     framework      0.479     0.469     0.474        96

                      accuracy                          0.494      3570
                     macro avg      0.430     0.366     0.381      3570
                  weighted avg      0.488     0.494     0.487      3570

New run epoch 16 batch 8 repeat 3 (mit Lowercase und lemma):

Accuracies: [0.542016806722689, 0.5504201680672269, 0.5378151260504201, 0.5630252100840336, 0.5378151260504201, 0.5252100840336135, 0.5630252100840336, 0.5, 0.5966386554621849, 0.5462184873949579, 0.5, 0.5336134453781513, 0.5882352941176471, 0.5840336134453782, 0.5588235294117647]
Weighted F1-Scores: [0.5278417976533253, 0.545881614751199, 0.5140228534777326, 0.561134429090435, 0.530753732818796, 0.5169342481987311, 0.5500781226200303, 0.4964373252700182, 0.5962922091755323, 0.5398073173430252, 0.4995555188828872, 0.5181639177909276, 0.5747548456899387, 0.5890975710013512, 0.535953358366273]
Micro F1-Scores: [0.542016806722689, 0.5504201680672269, 0.5378151260504201, 0.5630252100840336, 0.5378151260504201, 0.5252100840336135, 0.5630252100840336, 0.5, 0.5966386554621849, 0.5462184873949579, 0.5, 0.5336134453781513, 0.5882352941176471, 0.5840336134453782, 0.5588235294117647]
Macro F1-Scores: [0.46014749133240557, 0.43844657665670494, 0.39575577480428875, 0.44369440719708086, 0.44731252567629176, 0.3981581129517223, 0.46019824624560424, 0.38880569133786674, 0.4895563426753296, 0.4220131219811947, 0.39772227344587474, 0.40320734786927387, 0.4561788859567834, 0.46382947872457936, 0.429160796366953]
Weighted Precision: [0.5344100142436627, 0.5701753190583659, 0.5166330689923596, 0.5824636672850958, 0.5381040964915547, 0.5210084033613445, 0.5690286883984362, 0.5314575014154846, 0.6171755435215056, 0.5831721235731369, 0.5415144104362826, 0.539026362293169, 0.5979301924224113, 0.6213041410433159, 0.5415495969555623]
Micro Precision: [0.542016806722689, 0.5504201680672269, 0.5378151260504201, 0.5630252100840336, 0.5378151260504201, 0.5252100840336135, 0.5630252100840336, 0.5, 0.5966386554621849, 0.5462184873949579, 0.5, 0.5336134453781513, 0.5882352941176471, 0.5840336134453782, 0.5588235294117647]
Macro Precision: [0.49426606169408505, 0.4613430094196289, 0.4135746254534287, 0.429226455362819, 0.45714861924978895, 0.4161345900476336, 0.500566164499988, 0.4429343603256647, 0.5211000177631534, 0.48611135225440044, 0.4380290384805348, 0.46891839221384674, 0.4904764374401798, 0.5026614686650882, 0.454964260751156]
Weighted Recall: [0.542016806722689, 0.5504201680672269, 0.5378151260504201, 0.5630252100840336, 0.5378151260504201, 0.5252100840336135, 0.5630252100840336, 0.5, 0.5966386554621849, 0.5462184873949579, 0.5, 0.5336134453781513, 0.5882352941176471, 0.5840336134453782, 0.5588235294117647]
Micro Recall: [0.542016806722689, 0.5504201680672269, 0.5378151260504201, 0.5630252100840336, 0.5378151260504201, 0.5252100840336135, 0.5630252100840336, 0.5, 0.5966386554621849, 0.5462184873949579, 0.5, 0.5336134453781513, 0.5882352941176471, 0.5840336134453782, 0.5588235294117647]
Macro Recall: [0.45210067710067714, 0.45523314075578747, 0.40283710724247807, 0.49523115773115767, 0.45597556511878756, 0.3994909277517973, 0.46406495620125215, 0.38734814109169297, 0.4903315808646691, 0.421524916275831, 0.41031875701720333, 0.40781561031561037, 0.4556198087674537, 0.4592288620249147, 0.4364868308232152]
Average accuracy: 0.5484593837535013
Average weighted F1-Score: 0.5397805908086801
Average micro F1-Score: 0.5484593837535013
Average macro F1-Score: 0.43294580488146367
Average weighted Precision: 0.5603302086327793
Average micro Precision: 0.5484593837535013
Average macro Precision: 0.465163656908093
Average weighted Recall: 0.5484593837535013
Average micro Recall: 0.5484593837535013
Average macro Recall: 0.43957386927216846
                                precision    recall  f1-score   support

                   integration      0.513     0.509     0.511       114
                     data file      0.368     0.275     0.315        51
                     interface      0.804     0.649     0.718        57
                     component      0.710     0.722     0.716       396
                   association      0.528     0.441     0.480       195
                         class      0.534     0.545     0.540       231
                   inheritance      0.547     0.509     0.527        57
           architectural style      0.483     0.359     0.412        78
         architectural pattern      0.500     0.317     0.388        63
        reference architecture      0.500     0.083     0.143        12
                      relation      0.455     0.506     0.479       168
                      function      0.633     0.722     0.675       813
                     algorithm      0.446     0.486     0.465       144
                     messaging      0.356     0.324     0.340       111
                     guideline      0.333     0.208     0.256        24
                   design rule      0.405     0.352     0.377       219
organizational/process-related      0.000     0.000     0.000        27
                          tool      0.000     0.000     0.000        15
                     data base      0.588     0.558     0.573       120
                      platform      0.549     0.495     0.521       216
                user interface      0.479     0.495     0.487        93
                           api      0.310     0.373     0.338       153
          programming language      0.522     0.598     0.558       117
                     framework      0.606     0.688     0.644        96

                      accuracy                          0.548      3570
                     macro avg      0.465     0.426     0.436      3570
                  weighted avg      0.540     0.548     0.541      3570
                  
New run epoch 16 batch 8 repeat 3 (mit Lowercase und ohne lemma):
                  
Accuracies: [0.5756302521008403, 0.5504201680672269, 0.5630252100840336, 0.6008403361344538, 0.542016806722689, 0.5210084033613446, 0.5168067226890757, 0.5462184873949579, 0.5966386554621849, 0.5840336134453782, 0.5336134453781513, 0.5714285714285714, 0.5504201680672269, 0.5504201680672269, 0.5840336134453782]
Weighted Precision: [0.5657490000866826, 0.5667383350101174, 0.5810535149202969, 0.622776454941471, 0.5742938606045713, 0.5287459324044035, 0.5251783096490019, 0.5697246663267854, 0.606701322208841, 0.5955593999960431, 0.5484844472548377, 0.6005486110528127, 0.5586898239688033, 0.5830190319579296, 0.5906161662188664]
Weighted Recall: [0.5756302521008403, 0.5504201680672269, 0.5630252100840336, 0.6008403361344538, 0.542016806722689, 0.5210084033613446, 0.5168067226890757, 0.5462184873949579, 0.5966386554621849, 0.5840336134453782, 0.5336134453781513, 0.5714285714285714, 0.5504201680672269, 0.5504201680672269, 0.5840336134453782]
Weighted F1-Scores: [0.5471694402011104, 0.5471259559986328, 0.546084335925052, 0.601839788807774, 0.5441177421356823, 0.5129032306489264, 0.509523047042397, 0.532930297745149, 0.5898569249169797, 0.581302026440825, 0.5268939916997241, 0.5641523281153384, 0.5377678659171959, 0.5527164976182342, 0.5782357884827849]
Micro Precision: [0.5756302521008403, 0.5504201680672269, 0.5630252100840336, 0.6008403361344538, 0.542016806722689, 0.5210084033613446, 0.5168067226890757, 0.5462184873949579, 0.5966386554621849, 0.5840336134453782, 0.5336134453781513, 0.5714285714285714, 0.5504201680672269, 0.5504201680672269, 0.5840336134453782]
Micro Recall: [0.5756302521008403, 0.5504201680672269, 0.5630252100840336, 0.6008403361344538, 0.542016806722689, 0.5210084033613446, 0.5168067226890757, 0.5462184873949579, 0.5966386554621849, 0.5840336134453782, 0.5336134453781513, 0.5714285714285714, 0.5504201680672269, 0.5504201680672269, 0.5840336134453782]
Micro F1-Scores: [0.5756302521008403, 0.5504201680672269, 0.5630252100840336, 0.6008403361344538, 0.542016806722689, 0.5210084033613446, 0.5168067226890757, 0.5462184873949579, 0.5966386554621849, 0.5840336134453782, 0.5336134453781513, 0.5714285714285714, 0.5504201680672269, 0.5504201680672269, 0.5840336134453782]
Macro Precision: [0.42789274254285964, 0.4280997709115564, 0.42063638813603904, 0.49031249462116533, 0.474231425548797, 0.377310762203645, 0.4419426905410887, 0.3846073938728254, 0.4467418074794626, 0.4586659391155592, 0.4255023948669067, 0.4457309757296487, 0.3989640395640648, 0.4230664271555725, 0.46563263859868653]
Macro Recall: [0.4448393110157815, 0.42854192008799713, 0.42086013269197414, 0.5329584304584304, 0.4837549206421756, 0.38576508033029766, 0.43974068869690813, 0.394043438905727, 0.4574222618340265, 0.4859720712098984, 0.4440148363877177, 0.4477495531843358, 0.40779911346034536, 0.4355957035590902, 0.47239882754756907]
Macro F1-Scores: [0.42789274254285964, 0.4280997709115564, 0.42063638813603904, 0.49031249462116533, 0.474231425548797, 0.377310762203645, 0.4419426905410887, 0.3846073938728254, 0.4467418074794626, 0.4586659391155592, 0.4255023948669067, 0.4457309757296487, 0.3989640395640648, 0.4230664271555725, 0.46563263859868653]
Average accuracy: 0.5591036414565825
Average weighted Precision: 0.5745252584400976
Average weighted Recall: 0.5591036414565825
Average weighted F1-Score: 0.5515079507797204
Average micro Precision: 0.5591036414565825
Average micro Recall: 0.5591036414565825
Average micro F1-Score: 0.5591036414565825
Average macro Precision: 0.43395585939252523
Average macro Recall: 0.4454304193341516
Average macro F1-Score: 0.43395585939252523
                                precision    recall  f1-score   support

                   integration      0.489     0.588     0.534       114
                     data file      0.465     0.392     0.426        51
                     interface      0.771     0.649     0.705        57
                     component      0.737     0.742     0.740       396
                   association      0.532     0.513     0.522       195
                         class      0.538     0.584     0.560       231
                   inheritance      0.571     0.351     0.435        57
           architectural style      0.417     0.321     0.362        78
         architectural pattern      0.536     0.238     0.330        63
        reference architecture      0.200     0.083     0.118        12
                      relation      0.455     0.476     0.465       168
                      function      0.653     0.690     0.671       813
                     algorithm      0.468     0.514     0.490       144
                     messaging      0.346     0.396     0.370       111
                     guideline      0.286     0.167     0.211        24
                   design rule      0.472     0.429     0.450       219
organizational/process-related      0.000     0.000     0.000        27
                          tool      0.000     0.000     0.000        15
                     data base      0.550     0.550     0.550       120
                      platform      0.549     0.519     0.533       216
                user interface      0.430     0.527     0.473        93
                           api      0.316     0.320     0.318       153
          programming language      0.577     0.701     0.633       117
                     framework      0.632     0.698     0.663        96

                      accuracy                          0.559      3570
                     macro avg      0.458     0.435     0.440      3570
                  weighted avg      0.552     0.559     0.553      3570






                  
----------------
Multilabel:
----------------

epoch 16 batch 8 repeat 3
Weighted F1-Scores: [0.4939555178202939, 0.4560245794432499, 0.46584029350577155, 0.531088515663782, 0.4758481170519667, 0.5118756046762395, 0.4554583188276214, 0.4681426389148093, 0.5605400749533194, 0.48670872077344907, 0.4603619035411356, 0.4927918257054154, 0.44380861277861267, 0.47982992405185954, 0.4787553610696966]
Average weighted F1-Score: 0.4840686672518149
                                precision    recall  f1-score   support

                   integration      0.714     0.185     0.294       135
                     data file      1.000     0.014     0.029        69
                     interface      1.000     0.175     0.299        57
                     component      0.775     0.688     0.729       459
                   association      0.697     0.368     0.482       231
                         class      0.696     0.563     0.623       309
                   inheritance      1.000     0.030     0.059        66
           architectural style      0.829     0.242     0.374       120
         architectural pattern      0.000     0.000     0.000        72
        reference architecture      0.000     0.000     0.000        18
                      relation      0.699     0.319     0.438       204
                      function      0.704     0.600     0.648       942
                     algorithm      0.789     0.346     0.481       162
                     messaging      0.595     0.174     0.269       144
                     guideline      0.000     0.000     0.000        30
                   design rule      0.568     0.210     0.307       219
organizational/process-related      0.000     0.000     0.000        30
                          tool      0.000     0.000     0.000        21
                     data base      0.806     0.333     0.472       162
                      platform      0.742     0.341     0.467       261
                user interface      0.688     0.268     0.386       123
                           api      0.613     0.201     0.303       189
          programming language      0.716     0.552     0.623       174
                     framework      0.788     0.578     0.667       135

                     micro avg      0.720     0.413     0.525      4332
                     macro avg      0.601     0.258     0.331      4332
                  weighted avg      0.697     0.413     0.492      4332
                   samples avg      0.481     0.437     0.449      4332

New run epoch 16 batch 8 repeat 3 (mit Lowercase)

Weighted F1-Scores: [0.5092955717454948, 0.501822717558146, 0.4585293709718451, 0.5653840906077198, 0.46273371878319053, 0.4896213613029492, 0.43916356883999413, 0.4653420137514843, 0.5651956516524054, 0.505780755633509, 0.46793281214533594, 0.5096356539655508, 0.5028371962606292, 0.5148187680828028, 0.5468058304018822]
Average weighted F1-Score: 0.5003266054468626
Accuracies: [0.42436974789915966, 0.3949579831932773, 0.37815126050420167, 0.41596638655462187, 0.3319327731092437, 0.37815126050420167, 0.35294117647058826, 0.3487394957983193, 0.4369747899159664, 0.39915966386554624, 0.35294117647058826, 0.40336134453781514, 0.3907563025210084, 0.40336134453781514, 0.4327731092436975]
Weighted F1-Scores: [0.5092955717454948, 0.501822717558146, 0.4585293709718451, 0.5653840906077198, 0.46273371878319053, 0.4896213613029492, 0.43916356883999413, 0.4653420137514843, 0.5651956516524054, 0.505780755633509, 0.46793281214533594, 0.5096356539655508, 0.5028371962606292, 0.5148187680828028, 0.5468058304018822]
Micro F1-Scores: [0.55863539445629, 0.5411255411255411, 0.5022421524663677, 0.5965665236051502, 0.4944320712694877, 0.5225225225225225, 0.48539325842696623, 0.49888641425389757, 0.5943600867678959, 0.5404255319148936, 0.49090909090909096, 0.5502183406113537, 0.553648068669528, 0.5548387096774193, 0.592436974789916]
Macro F1-Scores: [0.35566355646864123, 0.3211168390672389, 0.3329251669199385, 0.3950101709355142, 0.310750355842506, 0.3307909817555879, 0.28902952038545254, 0.280874915021661, 0.38148011641487783, 0.32932172274390625, 0.332530405324523, 0.3204322329322329, 0.31125260197778043, 0.3352810273088911, 0.3680197280718615]
Weighted Precision: [0.6318074167212099, 0.6675499940164642, 0.6147894664479637, 0.7453205524634096, 0.6746448818210891, 0.7149803427864653, 0.6033279220779221, 0.6689815487902196, 0.7611583570309323, 0.6626184964726631, 0.6436094686855491, 0.6926489596688544, 0.7048993712259017, 0.6907374027827373, 0.7107649810222775]
Micro Precision: [0.7158469945355191, 0.7485029940119761, 0.6787878787878788, 0.776536312849162, 0.7207792207792207, 0.7733333333333333, 0.6792452830188679, 0.7, 0.7873563218390804, 0.6978021978021978, 0.6708074534161491, 0.7544910179640718, 0.75, 0.7206703910614525, 0.7747252747252747]
Macro Precision: [0.35566355646864123, 0.3211168390672389, 0.3329251669199385, 0.3950101709355142, 0.310750355842506, 0.3307909817555879, 0.28902952038545254, 0.280874915021661, 0.38148011641487783, 0.32932172274390625, 0.332530405324523, 0.3204322329322329, 0.31125260197778043, 0.3352810273088911, 0.3680197280718615]
Weighted Recall: [0.458041958041958, 0.423728813559322, 0.398576512455516, 0.4843205574912892, 0.376271186440678, 0.3945578231292517, 0.3776223776223776, 0.3875432525951557, 0.47735191637630664, 0.4409722222222222, 0.3870967741935484, 0.4329896907216495, 0.4387755102040816, 0.45104895104895104, 0.47959183673469385]
Micro Recall: [0.458041958041958, 0.423728813559322, 0.398576512455516, 0.4843205574912892, 0.376271186440678, 0.3945578231292517, 0.3776223776223776, 0.3875432525951557, 0.47735191637630664, 0.4409722222222222, 0.3870967741935484, 0.4329896907216495, 0.4387755102040816, 0.45104895104895104, 0.47959183673469385]
Macro Recall: [0.29811566367932096, 0.26526114248419, 0.28149454518649564, 0.32905945704858747, 0.2402328387162946, 0.2563190429902246, 0.227605488739323, 0.22752657688319455, 0.3116018272695842, 0.29178113459300076, 0.262957702020202, 0.26012817345195977, 0.2563880116602095, 0.2823142369912038, 0.3026265956079464]
Average accuracy: 0.3896358543417368
Average weighted F1-Score: 0.5003266054468626
Average micro F1-Score: 0.5384427120977547
Average macro F1-Score: 0.3329652894113743
Average weighted Precision: 0.6791892774675774
Average micro Precision: 0.7299256449416124
Average macro Precision: 0.3329652894113743
Average weighted Recall: 0.4272326255224667
Average micro Recall: 0.4272326255224667
Average macro Recall: 0.2728941624881159
                                precision    recall  f1-score   support

                   integration      0.756     0.252     0.378       135
                     data file      0.000     0.000     0.000        69
                     interface      0.909     0.175     0.294        57
                     component      0.787     0.684     0.732       459
                   association      0.713     0.398     0.511       231
                         class      0.734     0.608     0.665       309
                   inheritance      1.000     0.015     0.030        66
           architectural style      0.795     0.258     0.390       120
         architectural pattern      0.000     0.000     0.000        72
        reference architecture      0.000     0.000     0.000        18
                      relation      0.727     0.314     0.438       204
                      function      0.728     0.625     0.673       942
                     algorithm      0.718     0.315     0.438       162
                     messaging      0.600     0.167     0.261       144
                     guideline      0.000     0.000     0.000        30
                   design rule      0.562     0.228     0.325       219
organizational/process-related      0.000     0.000     0.000        30
                          tool      0.000     0.000     0.000        21
                     data base      0.763     0.358     0.487       162
                      platform      0.719     0.402     0.516       261
                user interface      0.565     0.211     0.308       123
                           api      0.676     0.243     0.358       189
          programming language      0.724     0.529     0.611       174
                     framework      0.809     0.563     0.664       135

                     micro avg      0.730     0.427     0.539      4332
                     macro avg      0.554     0.264     0.337      4332
                  weighted avg      0.686     0.427     0.506      4332
                   samples avg      0.502     0.455     0.469      4332




